480 640
0.5 200
0 200 100
0 0 -100
0 0 1
0 0 0
4
8
50 205 50 0.1 0.4 0.1 50 0.8 0 1 / 0 0 -200 0 0 1
255 215 0 0.1 0.8 0.1 50 0 0 1 / 0 0 200 0 0 -1
0 0 128 0.1 0.8 0.1 50 0 0 1 / 0 -400 0 0 1 0
240 240 240 0.1 0.8 0.1 50 0 0 1 / 0 200 0 0 -1 0
255 0 0 0.1 0.8 0.1 50 0 0 1 / 200 0 0 -1 0 0
255 120 0 0.1 0.8 0.1 50 0 0 1 / -200 0 0 1 0 0
153 50 204 0.1 0.8 0.1 50 0.3 0 1 * 100 -100 -80 40
0 250 154 0 0 0.5 2000 0.1 0.9 1.4 * 0 0 0 50
255 255 255
4
104 104 104 100 100 100
104 104 104 100 100 -100
104 104 104 -100 100 100
104 104 104 -100 100 -100
